1.2396,0,0,0,0,-0.398,0,0,-0.46055,0
0,2.0649,0,0,0,0,-0.33741,-0.27955,-0.1241,0.28045
0,0,1.3755,0.024503,-0.41162,0,0,0,0.34394,-0.22669
0,0,0.024503,0.65843,0,0,-0.20587,-0.20123,0,-0.073778
0,0,-0.41162,0,1.229,0,-0.69497,0.29065,0,0
-0.398,0,0,0,0,0.7823,0,0,0.015909,-0.3392
0,-0.33741,0,-0.20587,-0.69497,0,1.3914,0,0,0
0,-0.27955,0,-0.20123,0.29065,0,0,0.65291,-0.15518,0
-0.46055,-0.1241,0.34394,0,0,0.015909,0,-0.15518,1.3283,0
0,0.28045,-0.22669,-0.073778,0,-0.3392,0,0,0,1.9647
